/pinocchio_ff_hold_node:
  ros__parameters:
    q_ref: [0.0, 0.0, -1.5707963267948966, 0.0, 1.5707963267948966, 0.0]
    kp: [13.0, 10.0, 7.5, 2.2, 1.8, 0.8]
    kd: [8.0, 8.0, 5.0, 0.7, 0.6, 0.2]
    enable_ref_generator: true
    time_sync_enabled: true
    joint_max_speed_deg: [35.0, 30.0, 30.0, 35.0, 35.0, 25.0]
    joint_max_accel_deg: [450.0, 400.0, 400.0, 350.0, 300.0, 180.0]
    qd_lpf_alpha: 0.20
    torque_rate_limit_vector: [2000.0, 2000.0, 1200.0, 250.0, 250.0, 120.0]
    max_torque_vector: [87.0, 87.0, 52.0, 10.0, 10.0, 10.0]
    use_shortest_angular_error: false
    hold_current_on_start: true
    control_rate_hz: 500.0
